-I 512 0 0 0 0 0 0 0 0 0 0 0 0 0 0 0 0 0 0 0 0 0 0 0 0 0 0 0 0 0 0 0 0 0 0 0 0 0 0 0 0 0 0 0 0 0 0 0 0 0 0 0 0 0 0 0 0 0 0 0 0 0 0 0 0 0 0 0 0 0 0 0 0 2 0 0 0 0 0 0 0 0 0 2 0 2 0 0 0 0 0 0 0 0 0 0 0 0 0 2 0 0 0 2 0 0 0 0 0 0 0 0 0 0 0 0 0 0 0 0 0 0 0 0 0 0 0 0 0 0 0 0 0 0 0 0 0 0 0 0 0 0 0 0 0 0 0 0 2 0 0 0 0 0 0 0 0 0 0 0 0 0 0 0 0 0 0 0 0 0 0 0 0 0 0 0 0 0 0 0 0 0 0 0 0 0 0 0 0 0 0 0 0 0 0 0 0 0 0 0 0 0 0 0 2 0 2 0 0 2 0 0 0 0 0 0 0 0 2 2 0 0 0 0 2 0 0 0 0 0 0 0 0 0 0 0 0 0 2 0 0 0 0 0 0 0 0 0 0 0 0 0 0 0 0 0 0 0 0 0 0 0 2 0 0 0 0 0 0 0 0 2 0 0 0 0 0 0 0 0 0 0 0 0 0 0 0 0 0 0 0 0 0 0 0 0 0 0 0 0 0 0 0 0 0 0 0 0 0 0 0 0 0 2 0 0 0 0 0 0 0 0 0 0 0 0 0 0 0 0 0 0 2 0 0 0 0 0 0 0 0 0 0 0 0 0 0 0 0 0 0 0 0 0 0 0 0 0 2 0 0 2 2 0 0 0 0 0 0 0 0 0 0 0 0 0 0 0 0 0 0 0 0 0 0 0 0 0 0 2 0 0 0 0 0 0 0 0 0 0 0 2 0 0 2 0 0 0 2 0 0 0 0 0 0 0 0 0 2 0 0 0 0 0 0 0 0 0 0 0 0 0 0 0 0 0 2 0 0 0 0 0 0 0 0 0 0 0 0 0 0 0 2 0 0 0 0 0 0 2 0 0 0 0 0 0 0 0 0 0 0 0 0 0 0 0 0 0 0 2 0 0 0 0 0 0 0 0 0 0 0 0 0 2 0 0 0 0 0 0 0 0 0 0 0 0 0 0 0 0 0 0 0
-n 1 1
-n 2 1
-n 3 1
-n 4 1
-n 5 1
-n 6 1
-n 7 1
-n 8 1
-n 9 1
-n 10 0.001
-n 11 0.001
-n 12 0.001
-n 13 0.001
-n 14 0.001
-n 15 0.001
-n 16 0.001
-n 17 1
-n 18 1
-n 19 1
-n 20 1
-n 21 1
-n 22 1
-n 23 1
-n 24 1
-n 25 1
-n 26 0.001
-n 27 0.001
-n 28 0.001
-n 29 0.001
-n 30 0.001
-n 31 0.001
-n 32 0.001
-n 33 1
-n 34 1
-n 35 1
-n 36 1
-n 37 1
-n 38 1
-n 39 1
-n 40 1
-n 41 1
-n 42 0.001
-n 43 0.001
-n 44 0.001
-n 45 0.001
-n 46 0.001
-n 47 0.001
-n 48 0.001
-n 49 1
-n 50 1
-n 51 1
-n 52 1
-n 53 1
-n 54 1
-n 55 1
-n 56 1
-n 57 1
-n 58 0.001
-n 59 0.001
-n 60 0.001
-n 61 0.001
-n 62 0.001
-n 63 0.001
-n 64 0.001
-n 65 1
-n 66 1
-n 67 1
-n 68 1
-n 69 1
-n 70 1
-n 71 1
-n 72 1
-n 73 1
-n 74 0.001
-n 75 0.001
-n 76 0.001
-n 77 0.001
-n 78 0.001
-n 79 0.001
-n 80 0.001
-n 81 1
-n 82 1
-n 83 1
-n 84 1
-n 85 1
-n 86 1
-n 87 1
-n 88 1
-n 89 1
-n 90 0.001
-n 91 0.001
-n 92 0.001
-n 93 0.001
-n 94 0.001
-n 95 0.001
-n 96 0.001
-n 97 1
-n 98 1
-n 99 1
-n 100 1
-n 101 1
-n 102 1
-n 103 1
-n 104 1
-n 105 1
-n 106 0.001
-n 107 0.001
-n 108 0.001
-n 109 0.001
-n 110 0.001
-n 111 0.001
-n 112 0.001
-n 113 1
-n 114 1
-n 115 1
-n 116 1
-n 117 1
-n 118 1
-n 119 1
-n 120 1
-n 121 1
-n 122 0.001
-n 123 0.001
-n 124 0.001
-n 125 0.001
-n 126 0.001
-n 127 0.001
-n 128 0.001
-n 129 1
-n 130 1
-n 131 1
-n 132 1
-n 133 1
-n 134 1
-n 135 1
-n 136 1
-n 137 1
-n 138 0.001
-n 139 0.001
-n 140 0.001
-n 141 0.001
-n 142 0.001
-n 143 0.001
-n 144 0.001
-n 145 1
-n 146 1
-n 147 1
-n 148 1
-n 149 1
-n 150 1
-n 151 1
-n 152 1
-n 153 1
-n 154 0.001
-n 155 0.001
-n 156 0.001
-n 157 0.001
-n 158 0.001
-n 159 0.001
-n 160 0.001
-n 161 1
-n 162 1
-n 163 1
-n 164 1
-n 165 1
-n 166 1
-n 167 1
-n 168 1
-n 169 1
-n 170 0.001
-n 171 0.001
-n 172 0.001
-n 173 0.001
-n 174 0.001
-n 175 0.001
-n 176 0.001
-n 177 1
-n 178 1
-n 179 1
-n 180 1
-n 181 1
-n 182 1
-n 183 1
-n 184 1
-n 185 1
-n 186 0.001
-n 187 0.001
-n 188 0.001
-n 189 0.001
-n 190 0.001
-n 191 0.001
-n 192 0.001
-n 193 1
-n 194 1
-n 195 1
-n 196 1
-n 197 1
-n 198 1
-n 199 1
-n 200 1
-n 201 1
-n 202 0.001
-n 203 0.001
-n 204 0.001
-n 205 0.001
-n 206 0.001
-n 207 0.001
-n 208 0.001
-n 209 1
-n 210 1
-n 211 1
-n 212 1
-n 213 1
-n 214 1
-n 215 1
-n 216 1
-n 217 1
-n 218 0.001
-n 219 0.001
-n 220 0.001
-n 221 0.001
-n 222 0.001
-n 223 0.001
-n 224 0.001
-n 225 1
-n 226 1
-n 227 1
-n 228 1
-n 229 1
-n 230 1
-n 231 1
-n 232 1
-n 233 1
-n 234 0.001
-n 235 0.001
-n 236 0.001
-n 237 0.001
-n 238 0.001
-n 239 0.001
-n 240 0.001
-n 241 1
-n 242 1
-n 243 1
-n 244 1
-n 245 1
-n 246 1
-n 247 1
-n 248 1
-n 249 1
-n 250 0.001
-n 251 0.001
-n 252 0.001
-n 253 0.001
-n 254 0.001
-n 255 0.001
-n 256 0.001
-n 257 0.001
-n 258 0.001
-n 259 0.001
-n 260 0.001
-n 261 0.001
-n 262 0.001
-n 263 1
-n 264 1
-n 265 1
-n 266 1
-n 267 1
-n 268 1
-n 269 1
-n 270 1
-n 271 1
-n 272 1
-n 273 0.001
-n 274 0.001
-n 275 0.001
-n 276 0.001
-n 277 0.001
-n 278 0.001
-n 279 1
-n 280 1
-n 281 1
-n 282 1
-n 283 1
-n 284 1
-n 285 1
-n 286 1
-n 287 1
-n 288 1
-n 289 0.001
-n 290 0.001
-n 291 0.001
-n 292 0.001
-n 293 0.001
-n 294 0.001
-n 295 1
-n 296 1
-n 297 1
-n 298 1
-n 299 1
-n 300 1
-n 301 1
-n 302 1
-n 303 1
-n 304 1
-n 305 0.001
-n 306 0.001
-n 307 0.001
-n 308 0.001
-n 309 0.001
-n 310 0.001
-n 311 1
-n 312 1
-n 313 1
-n 314 1
-n 315 1
-n 316 1
-n 317 1
-n 318 1
-n 319 1
-n 320 1
-n 321 0.001
-n 322 0.001
-n 323 0.001
-n 324 0.001
-n 325 0.001
-n 326 0.001
-n 327 1
-n 328 1
-n 329 1
-n 330 1
-n 331 1
-n 332 1
-n 333 1
-n 334 1
-n 335 1
-n 336 1
-n 337 0.001
-n 338 0.001
-n 339 0.001
-n 340 0.001
-n 341 0.001
-n 342 0.001
-n 343 1
-n 344 1
-n 345 1
-n 346 1
-n 347 1
-n 348 1
-n 349 1
-n 350 1
-n 351 1
-n 352 1
-n 353 0.001
-n 354 0.001
-n 355 0.001
-n 356 0.001
-n 357 0.001
-n 358 0.001
-n 359 1
-n 360 1
-n 361 1
-n 362 1
-n 363 1
-n 364 1
-n 365 1
-n 366 1
-n 367 1
-n 368 1
-n 369 0.001
-n 370 0.001
-n 371 0.001
-n 372 0.001
-n 373 0.001
-n 374 0.001
-n 375 1
-n 376 1
-n 377 1
-n 378 1
-n 379 1
-n 380 1
-n 381 1
-n 382 1
-n 383 1
-n 384 1
-n 385 0.001
-n 386 0.001
-n 387 0.001
-n 388 0.001
-n 389 0.001
-n 390 0.001
-n 391 1
-n 392 1
-n 393 1
-n 394 1
-n 395 1
-n 396 1
-n 397 1
-n 398 1
-n 399 1
-n 400 1
-n 401 0.001
-n 402 0.001
-n 403 0.001
-n 404 0.001
-n 405 0.001
-n 406 0.001
-n 407 1
-n 408 1
-n 409 1
-n 410 1
-n 411 1
-n 412 1
-n 413 1
-n 414 1
-n 415 1
-n 416 1
-n 417 0.001
-n 418 0.001
-n 419 0.001
-n 420 0.001
-n 421 0.001
-n 422 0.001
-n 423 1
-n 424 1
-n 425 1
-n 426 1
-n 427 1
-n 428 1
-n 429 1
-n 430 1
-n 431 1
-n 432 1
-n 433 0.001
-n 434 0.001
-n 435 0.001
-n 436 0.001
-n 437 0.001
-n 438 0.001
-n 439 1
-n 440 1
-n 441 1
-n 442 1
-n 443 1
-n 444 1
-n 445 1
-n 446 1
-n 447 1
-n 448 1
-n 449 0.001
-n 450 0.001
-n 451 0.001
-n 452 0.001
-n 453 0.001
-n 454 0.001
-n 455 1
-n 456 1
-n 457 1
-n 458 1
-n 459 1
-n 460 1
-n 461 1
-n 462 1
-n 463 1
-n 464 1
-n 465 0.001
-n 466 0.001
-n 467 0.001
-n 468 0.001
-n 469 0.001
-n 470 0.001
-n 471 1
-n 472 1
-n 473 1
-n 474 1
-n 475 1
-n 476 1
-n 477 1
-n 478 1
-n 479 1
-n 480 1
-n 481 0.001
-n 482 0.001
-n 483 0.001
-n 484 0.001
-n 485 0.001
-n 486 0.001
-n 487 1
-n 488 1
-n 489 1
-n 490 1
-n 491 1
-n 492 1
-n 493 1
-n 494 1
-n 495 1
-n 496 1
-n 497 0.001
-n 498 0.001
-n 499 0.001
-n 500 0.001
-n 501 0.001
-n 502 0.001
-n 503 1
-n 504 1
-n 505 1
-n 506 1
-n 507 1
-n 508 1
-n 509 1
-n 510 1
-n 511 1
-n 512 1
-g 1 0
-g 2 0
-g 3 0
-g 4 0
-g 5 0
-g 6 0
-g 7 0
-g 8 0
-g 9 0
-g 10 0
-g 11 0
-g 12 0
-g 13 0
-g 14 0
-g 15 0
-g 16 0
-g 17 0
-g 18 0
-g 19 0
-g 20 0
-g 21 0
-g 22 0
-g 23 0
-g 24 0
-g 25 0
-g 26 0
-g 27 0
-g 28 0
-g 29 0
-g 30 0
-g 31 0
-g 32 0
-g 33 0
-g 34 0
-g 35 0
-g 36 0
-g 37 0
-g 38 0
-g 39 0
-g 40 0
-g 41 0
-g 42 0
-g 43 0
-g 44 0
-g 45 0
-g 46 0
-g 47 0
-g 48 0
-g 49 0
-g 50 0
-g 51 0
-g 52 0
-g 53 0
-g 54 0
-g 55 0
-g 56 0
-g 57 0
-g 58 0
-g 59 0
-g 60 0
-g 61 0
-g 62 0
-g 63 0
-g 64 0
-g 65 0
-g 66 0
-g 67 0
-g 68 0
-g 69 0
-g 70 0
-g 71 0
-g 72 0
-g 73 0
-g 74 0
-g 75 0
-g 76 0
-g 77 0
-g 78 0
-g 79 0
-g 80 0
-g 81 0
-g 82 0
-g 83 0
-g 84 0
-g 85 0
-g 86 0
-g 87 0
-g 88 0
-g 89 0
-g 90 0
-g 91 0
-g 92 0
-g 93 0
-g 94 0
-g 95 0
-g 96 0
-g 97 0
-g 98 0
-g 99 0
-g 100 0
-g 101 0
-g 102 0
-g 103 0
-g 104 0
-g 105 0
-g 106 0
-g 107 0
-g 108 0
-g 109 0
-g 110 0
-g 111 0
-g 112 0
-g 113 0
-g 114 0
-g 115 0
-g 116 0
-g 117 0
-g 118 0
-g 119 0
-g 120 0
-g 121 0
-g 122 0
-g 123 0
-g 124 0
-g 125 0
-g 126 0
-g 127 0
-g 128 0
-g 129 0
-g 130 0
-g 131 0
-g 132 0
-g 133 0
-g 134 0
-g 135 0
-g 136 0
-g 137 0
-g 138 0
-g 139 0
-g 140 0
-g 141 0
-g 142 0
-g 143 0
-g 144 0
-g 145 0
-g 146 0
-g 147 0
-g 148 0
-g 149 0
-g 150 0
-g 151 0
-g 152 0
-g 153 0
-g 154 0
-g 155 0
-g 156 0
-g 157 0
-g 158 0
-g 159 0
-g 160 0
-g 161 0
-g 162 0
-g 163 0
-g 164 0
-g 165 0
-g 166 0
-g 167 0
-g 168 0
-g 169 0
-g 170 0
-g 171 0
-g 172 0
-g 173 0
-g 174 0
-g 175 0
-g 176 0
-g 177 0
-g 178 0
-g 179 0
-g 180 0
-g 181 0
-g 182 0
-g 183 0
-g 184 0
-g 185 0
-g 186 0
-g 187 0
-g 188 0
-g 189 0
-g 190 0
-g 191 0
-g 192 0
-g 193 0
-g 194 0
-g 195 0
-g 196 0
-g 197 0
-g 198 0
-g 199 0
-g 200 0
-g 201 0
-g 202 0
-g 203 0
-g 204 0
-g 205 0
-g 206 0
-g 207 0
-g 208 0
-g 209 0
-g 210 0
-g 211 0
-g 212 0
-g 213 0
-g 214 0
-g 215 0
-g 216 0
-g 217 0
-g 218 0
-g 219 0
-g 220 0
-g 221 0
-g 222 0
-g 223 0
-g 224 0
-g 225 0
-g 226 0
-g 227 0
-g 228 0
-g 229 0
-g 230 0
-g 231 0
-g 232 0
-g 233 0
-g 234 0
-g 235 0
-g 236 0
-g 237 0
-g 238 0
-g 239 0
-g 240 0
-g 241 0
-g 242 0
-g 243 0
-g 244 0
-g 245 0
-g 246 0
-g 247 0
-g 248 0
-g 249 0
-g 250 0
-g 251 0
-g 252 0
-g 253 0
-g 254 0
-g 255 0
-g 256 0
-g 257 0
-g 258 0
-g 259 0
-g 260 0
-g 261 0
-g 262 0
-g 263 0
-g 264 0
-g 265 0
-g 266 0
-g 267 0
-g 268 0
-g 269 0
-g 270 0
-g 271 0
-g 272 0
-g 273 0
-g 274 0
-g 275 0
-g 276 0
-g 277 0
-g 278 0
-g 279 0
-g 280 0
-g 281 0
-g 282 0
-g 283 0
-g 284 0
-g 285 0
-g 286 0
-g 287 0
-g 288 0
-g 289 0
-g 290 0
-g 291 0
-g 292 0
-g 293 0
-g 294 0
-g 295 0
-g 296 0
-g 297 0
-g 298 0
-g 299 0
-g 300 0
-g 301 0
-g 302 0
-g 303 0
-g 304 0
-g 305 0
-g 306 0
-g 307 0
-g 308 0
-g 309 0
-g 310 0
-g 311 0
-g 312 0
-g 313 0
-g 314 0
-g 315 0
-g 316 0
-g 317 0
-g 318 0
-g 319 0
-g 320 0
-g 321 0
-g 322 0
-g 323 0
-g 324 0
-g 325 0
-g 326 0
-g 327 0
-g 328 0
-g 329 0
-g 330 0
-g 331 0
-g 332 0
-g 333 0
-g 334 0
-g 335 0
-g 336 0
-g 337 0
-g 338 0
-g 339 0
-g 340 0
-g 341 0
-g 342 0
-g 343 0
-g 344 0
-g 345 0
-g 346 0
-g 347 0
-g 348 0
-g 349 0
-g 350 0
-g 351 0
-g 352 0
-g 353 0
-g 354 0
-g 355 0
-g 356 0
-g 357 0
-g 358 0
-g 359 0
-g 360 0
-g 361 0
-g 362 0
-g 363 0
-g 364 0
-g 365 0
-g 366 0
-g 367 0
-g 368 0
-g 369 0
-g 370 0
-g 371 0
-g 372 0
-g 373 0
-g 374 0
-g 375 0
-g 376 0
-g 377 0
-g 378 0
-g 379 0
-g 380 0
-g 381 0
-g 382 0
-g 383 0
-g 384 0
-g 385 0
-g 386 0
-g 387 0
-g 388 0
-g 389 0
-g 390 0
-g 391 0
-g 392 0
-g 393 0
-g 394 0
-g 395 0
-g 396 0
-g 397 0
-g 398 0
-g 399 0
-g 400 0
-g 401 0
-g 402 0
-g 403 0
-g 404 0
-g 405 0
-g 406 0
-g 407 0
-g 408 0
-g 409 0
-g 410 0
-g 411 0
-g 412 0
-g 413 0
-g 414 0
-g 415 0
-g 416 0
-g 417 0
-g 418 0
-g 419 0
-g 420 0
-g 421 0
-g 422 0
-g 423 0
-g 424 0
-g 425 0
-g 426 0
-g 427 0
-g 428 0
-g 429 0
-g 430 0
-g 431 0
-g 432 0
-g 433 0
-g 434 0
-g 435 0
-g 436 0
-g 437 0
-g 438 0
-g 439 0
-g 440 0
-g 441 0
-g 442 0
-g 443 0
-g 444 0
-g 445 0
-g 446 0
-g 447 0
-g 448 0
-g 449 0
-g 450 0
-g 451 0
-g 452 0
-g 453 0
-g 454 0
-g 455 0
-g 456 0
-g 457 0
-g 458 0
-g 459 0
-g 460 0
-g 461 0
-g 462 0
-g 463 0
-g 464 0
-g 465 0
-g 466 0
-g 467 0
-g 468 0
-g 469 0
-g 470 0
-g 471 0
-g 472 0
-g 473 0
-g 474 0
-g 475 0
-g 476 0
-g 477 0
-g 478 0
-g 479 0
-g 480 0
-g 481 0
-g 482 0
-g 483 0
-g 484 0
-g 485 0
-g 486 0
-g 487 0
-g 488 0
-g 489 0
-g 490 0
-g 491 0
-g 492 0
-g 493 0
-g 494 0
-g 495 0
-g 496 0
-g 497 0
-g 498 0
-g 499 0
-g 500 0
-g 501 0
-g 502 0
-g 503 0
-g 504 0
-g 505 0
-g 506 0
-g 507 0
-g 508 0
-g 509 0
-g 510 0
-g 511 0
-g 512 0
-m 2 1 1
-m 17 1 1
-m 257 1 50.05
-m 1 2 1
-m 3 2 1
-m 18 2 1
-m 258 2 50.05
-m 2 3 1
-m 4 3 1
-m 19 3 1
-m 259 3 50.05
-m 3 4 1
-m 5 4 1
-m 20 4 1
-m 260 4 50.05
-m 4 5 1
-m 6 5 1
-m 21 5 1
-m 261 5 50.05
-m 5 6 1
-m 7 6 1
-m 22 6 1
-m 262 6 50.05
-m 6 7 1
-m 8 7 1
-m 23 7 1
-m 263 7 0.05
-m 7 8 1
-m 9 8 1
-m 24 8 1
-m 264 8 0.05
-m 8 9 1
-m 10 9 1001
-m 25 9 1
-m 265 9 0.05
-m 9 10 0.000999000999000999
-m 11 10 1
-m 26 10 1
-m 266 10 4.995004995005e-05
-m 10 11 1
-m 12 11 1
-m 27 11 1
-m 267 11 4.995004995005e-05
-m 11 12 1
-m 13 12 1
-m 28 12 1
-m 268 12 4.995004995005e-05
-m 12 13 1
-m 14 13 1
-m 29 13 1
-m 269 13 4.995004995005e-05
-m 13 14 1
-m 15 14 1
-m 30 14 1
-m 270 14 4.995004995005e-05
-m 14 15 1
-m 16 15 1
-m 31 15 1
-m 271 15 4.995004995005e-05
-m 15 16 1
-m 32 16 1
-m 272 16 4.995004995005e-05
-m 1 17 1
-m 18 17 1
-m 33 17 1
-m 273 17 50.05
-m 2 18 1
-m 17 18 1
-m 19 18 1
-m 34 18 1
-m 274 18 50.05
-m 3 19 1
-m 18 19 1
-m 20 19 1
-m 35 19 1
-m 275 19 50.05
-m 4 20 1
-m 19 20 1
-m 21 20 1
-m 36 20 1
-m 276 20 50.05
-m 5 21 1
-m 20 21 1
-m 22 21 1
-m 37 21 1
-m 277 21 50.05
-m 6 22 1
-m 21 22 1
-m 23 22 1
-m 38 22 1
-m 278 22 50.05
-m 7 23 1
-m 22 23 1
-m 24 23 1
-m 39 23 1
-m 279 23 0.05
-m 8 24 1
-m 23 24 1
-m 25 24 1
-m 40 24 1
-m 280 24 0.05
-m 9 25 1
-m 24 25 1
-m 26 25 1001
-m 41 25 1
-m 281 25 0.05
-m 10 26 1
-m 25 26 0.000999000999000999
-m 27 26 1
-m 42 26 1
-m 282 26 4.995004995005e-05
-m 11 27 1
-m 26 27 1
-m 28 27 1
-m 43 27 1
-m 283 27 4.995004995005e-05
-m 12 28 1
-m 27 28 1
-m 29 28 1
-m 44 28 1
-m 284 28 4.995004995005e-05
-m 13 29 1
-m 28 29 1
-m 30 29 1
-m 45 29 1
-m 285 29 4.995004995005e-05
-m 14 30 1
-m 29 30 1
-m 31 30 1
-m 46 30 1
-m 286 30 4.995004995005e-05
-m 15 31 1
-m 30 31 1
-m 32 31 1
-m 47 31 1
-m 287 31 4.995004995005e-05
-m 16 32 1
-m 31 32 1
-m 48 32 1
-m 288 32 4.995004995005e-05
-m 17 33 1
-m 34 33 1
-m 49 33 1
-m 289 33 50.05
-m 18 34 1
-m 33 34 1
-m 35 34 1
-m 50 34 1
-m 290 34 50.05
-m 19 35 1
-m 34 35 1
-m 36 35 1
-m 51 35 1
-m 291 35 50.05
-m 20 36 1
-m 35 36 1
-m 37 36 1
-m 52 36 1
-m 292 36 50.05
-m 21 37 1
-m 36 37 1
-m 38 37 1
-m 53 37 1
-m 293 37 50.05
-m 22 38 1
-m 37 38 1
-m 39 38 1
-m 54 38 1
-m 294 38 50.05
-m 23 39 1
-m 38 39 1
-m 40 39 1
-m 55 39 1
-m 295 39 0.05
-m 24 40 1
-m 39 40 1
-m 41 40 1
-m 56 40 1
-m 296 40 0.05
-m 25 41 1
-m 40 41 1
-m 42 41 1001
-m 57 41 1
-m 297 41 0.05
-m 26 42 1
-m 41 42 0.000999000999000999
-m 43 42 1
-m 58 42 1
-m 298 42 4.995004995005e-05
-m 27 43 1
-m 42 43 1
-m 44 43 1
-m 59 43 1
-m 299 43 4.995004995005e-05
-m 28 44 1
-m 43 44 1
-m 45 44 1
-m 60 44 1
-m 300 44 4.995004995005e-05
-m 29 45 1
-m 44 45 1
-m 46 45 1
-m 61 45 1
-m 301 45 4.995004995005e-05
-m 30 46 1
-m 45 46 1
-m 47 46 1
-m 62 46 1
-m 302 46 4.995004995005e-05
-m 31 47 1
-m 46 47 1
-m 48 47 1
-m 63 47 1
-m 303 47 4.995004995005e-05
-m 32 48 1
-m 47 48 1
-m 64 48 1
-m 304 48 4.995004995005e-05
-m 33 49 1
-m 50 49 1
-m 65 49 1
-m 305 49 50.05
-m 34 50 1
-m 49 50 1
-m 51 50 1
-m 66 50 1
-m 306 50 50.05
-m 35 51 1
-m 50 51 1
-m 52 51 1
-m 67 51 1
-m 307 51 50.05
-m 36 52 1
-m 51 52 1
-m 53 52 1
-m 68 52 1
-m 308 52 50.05
-m 37 53 1
-m 52 53 1
-m 54 53 1
-m 69 53 1
-m 309 53 50.05
-m 38 54 1
-m 53 54 1
-m 55 54 1
-m 70 54 1
-m 310 54 50.05
-m 39 55 1
-m 54 55 1
-m 56 55 1
-m 71 55 1
-m 311 55 0.05
-m 40 56 1
-m 55 56 1
-m 57 56 1
-m 72 56 1
-m 312 56 0.05
-m 41 57 1
-m 56 57 1
-m 58 57 1001
-m 73 57 1
-m 313 57 0.05
-m 42 58 1
-m 57 58 0.000999000999000999
-m 59 58 1
-m 74 58 1
-m 314 58 4.995004995005e-05
-m 43 59 1
-m 58 59 1
-m 60 59 1
-m 75 59 1
-m 315 59 4.995004995005e-05
-m 44 60 1
-m 59 60 1
-m 61 60 1
-m 76 60 1
-m 316 60 4.995004995005e-05
-m 45 61 1
-m 60 61 1
-m 62 61 1
-m 77 61 1
-m 317 61 4.995004995005e-05
-m 46 62 1
-m 61 62 1
-m 63 62 1
-m 78 62 1
-m 318 62 4.995004995005e-05
-m 47 63 1
-m 62 63 1
-m 64 63 1
-m 79 63 1
-m 319 63 4.995004995005e-05
-m 48 64 1
-m 63 64 1
-m 80 64 1
-m 320 64 4.995004995005e-05
-m 49 65 1
-m 66 65 1
-m 81 65 1
-m 321 65 50.05
-m 50 66 1
-m 65 66 1
-m 67 66 1
-m 82 66 1
-m 322 66 50.05
-m 51 67 1
-m 66 67 1
-m 68 67 1
-m 83 67 1
-m 323 67 50.05
-m 52 68 1
-m 67 68 1
-m 69 68 1
-m 84 68 1
-m 324 68 50.05
-m 53 69 1
-m 68 69 1
-m 70 69 1
-m 85 69 1
-m 325 69 50.05
-m 54 70 1
-m 69 70 1
-m 71 70 1
-m 86 70 1
-m 326 70 50.05
-m 55 71 1
-m 70 71 1
-m 72 71 1
-m 87 71 1
-m 327 71 0.05
-m 56 72 1
-m 71 72 1
-m 73 72 1
-m 88 72 1
-m 328 72 0.05
-m 57 73 1
-m 72 73 1
-m 74 73 1001
-m 89 73 1
-m 329 73 0.05
-m 58 74 1
-m 73 74 0.000999000999000999
-m 75 74 1
-m 90 74 1
-m 330 74 4.995004995005e-05
-m 59 75 1
-m 74 75 1
-m 76 75 1
-m 91 75 1
-m 331 75 4.995004995005e-05
-m 60 76 1
-m 75 76 1
-m 77 76 1
-m 92 76 1
-m 332 76 4.995004995005e-05
-m 61 77 1
-m 76 77 1
-m 78 77 1
-m 93 77 1
-m 333 77 4.995004995005e-05
-m 62 78 1
-m 77 78 1
-m 79 78 1
-m 94 78 1
-m 334 78 4.995004995005e-05
-m 63 79 1
-m 78 79 1
-m 80 79 1
-m 95 79 1
-m 335 79 4.995004995005e-05
-m 64 80 1
-m 79 80 1
-m 96 80 1
-m 336 80 4.995004995005e-05
-m 65 81 1
-m 82 81 1
-m 97 81 1
-m 337 81 50.05
-m 66 82 1
-m 81 82 1
-m 83 82 1
-m 98 82 1
-m 338 82 50.05
-m 67 83 1
-m 82 83 1
-m 84 83 1
-m 99 83 1
-m 339 83 50.05
-m 68 84 1
-m 83 84 1
-m 85 84 1
-m 100 84 1
-m 340 84 50.05
-m 69 85 1
-m 84 85 1
-m 86 85 1
-m 101 85 1
-m 341 85 50.05
-m 70 86 1
-m 85 86 1
-m 87 86 1
-m 102 86 1
-m 342 86 50.05
-m 71 87 1
-m 86 87 1
-m 88 87 1
-m 103 87 1
-m 343 87 0.05
-m 72 88 1
-m 87 88 1
-m 89 88 1
-m 104 88 1
-m 344 88 0.05
-m 73 89 1
-m 88 89 1
-m 90 89 1001
-m 105 89 1
-m 345 89 0.05
-m 74 90 1
-m 89 90 0.000999000999000999
-m 91 90 1
-m 106 90 1
-m 346 90 4.995004995005e-05
-m 75 91 1
-m 90 91 1
-m 92 91 1
-m 107 91 1
-m 347 91 4.995004995005e-05
-m 76 92 1
-m 91 92 1
-m 93 92 1
-m 108 92 1
-m 348 92 4.995004995005e-05
-m 77 93 1
-m 92 93 1
-m 94 93 1
-m 109 93 1
-m 349 93 4.995004995005e-05
-m 78 94 1
-m 93 94 1
-m 95 94 1
-m 110 94 1
-m 350 94 4.995004995005e-05
-m 79 95 1
-m 94 95 1
-m 96 95 1
-m 111 95 1
-m 351 95 4.995004995005e-05
-m 80 96 1
-m 95 96 1
-m 112 96 1
-m 352 96 4.995004995005e-05
-m 81 97 1
-m 98 97 1
-m 113 97 1
-m 353 97 50.05
-m 82 98 1
-m 97 98 1
-m 99 98 1
-m 114 98 1
-m 354 98 50.05
-m 83 99 1
-m 98 99 1
-m 100 99 1
-m 115 99 1
-m 355 99 50.05
-m 84 100 1
-m 99 100 1
-m 101 100 1
-m 116 100 1
-m 356 100 50.05
-m 85 101 1
-m 100 101 1
-m 102 101 1
-m 117 101 1
-m 357 101 50.05
-m 86 102 1
-m 101 102 1
-m 103 102 1
-m 118 102 1
-m 358 102 50.05
-m 87 103 1
-m 102 103 1
-m 104 103 1
-m 119 103 1
-m 359 103 0.05
-m 88 104 1
-m 103 104 1
-m 105 104 1
-m 120 104 1
-m 360 104 0.05
-m 89 105 1
-m 104 105 1
-m 106 105 1001
-m 121 105 1
-m 361 105 0.05
-m 90 106 1
-m 105 106 0.000999000999000999
-m 107 106 1
-m 122 106 1
-m 362 106 4.995004995005e-05
-m 91 107 1
-m 106 107 1
-m 108 107 1
-m 123 107 1
-m 363 107 4.995004995005e-05
-m 92 108 1
-m 107 108 1
-m 109 108 1
-m 124 108 1
-m 364 108 4.995004995005e-05
-m 93 109 1
-m 108 109 1
-m 110 109 1
-m 125 109 1
-m 365 109 4.995004995005e-05
-m 94 110 1
-m 109 110 1
-m 111 110 1
-m 126 110 1
-m 366 110 4.995004995005e-05
-m 95 111 1
-m 110 111 1
-m 112 111 1
-m 127 111 1
-m 367 111 4.995004995005e-05
-m 96 112 1
-m 111 112 1
-m 128 112 1
-m 368 112 4.995004995005e-05
-m 97 113 1
-m 114 113 1
-m 129 113 1
-m 369 113 50.05
-m 98 114 1
-m 113 114 1
-m 115 114 1
-m 130 114 1
-m 370 114 50.05
-m 99 115 1
-m 114 115 1
-m 116 115 1
-m 131 115 1
-m 371 115 50.05
-m 100 116 1
-m 115 116 1
-m 117 116 1
-m 132 116 1
-m 372 116 50.05
-m 101 117 1
-m 116 117 1
-m 118 117 1
-m 133 117 1
-m 373 117 50.05
-m 102 118 1
-m 117 118 1
-m 119 118 1
-m 134 118 1
-m 374 118 50.05
-m 103 119 1
-m 118 119 1
-m 120 119 1
-m 135 119 1
-m 375 119 0.05
-m 104 120 1
-m 119 120 1
-m 121 120 1
-m 136 120 1
-m 376 120 0.05
-m 105 121 1
-m 120 121 1
-m 122 121 1001
-m 137 121 1
-m 377 121 0.05
-m 106 122 1
-m 121 122 0.000999000999000999
-m 123 122 1
-m 138 122 1
-m 378 122 4.995004995005e-05
-m 107 123 1
-m 122 123 1
-m 124 123 1
-m 139 123 1
-m 379 123 4.995004995005e-05
-m 108 124 1
-m 123 124 1
-m 125 124 1
-m 140 124 1
-m 380 124 4.995004995005e-05
-m 109 125 1
-m 124 125 1
-m 126 125 1
-m 141 125 1
-m 381 125 4.995004995005e-05
-m 110 126 1
-m 125 126 1
-m 127 126 1
-m 142 126 1
-m 382 126 4.995004995005e-05
-m 111 127 1
-m 126 127 1
-m 128 127 1
-m 143 127 1
-m 383 127 4.995004995005e-05
-m 112 128 1
-m 127 128 1
-m 144 128 1
-m 384 128 4.995004995005e-05
-m 113 129 1
-m 130 129 1
-m 145 129 1
-m 385 129 50.05
-m 114 130 1
-m 129 130 1
-m 131 130 1
-m 146 130 1
-m 386 130 50.05
-m 115 131 1
-m 130 131 1
-m 132 131 1
-m 147 131 1
-m 387 131 50.05
-m 116 132 1
-m 131 132 1
-m 133 132 1
-m 148 132 1
-m 388 132 50.05
-m 117 133 1
-m 132 133 1
-m 134 133 1
-m 149 133 1
-m 389 133 50.05
-m 118 134 1
-m 133 134 1
-m 135 134 1
-m 150 134 1
-m 390 134 50.05
-m 119 135 1
-m 134 135 1
-m 136 135 1
-m 151 135 1
-m 391 135 0.05
-m 120 136 1
-m 135 136 1
-m 137 136 1
-m 152 136 1
-m 392 136 0.05
-m 121 137 1
-m 136 137 1
-m 138 137 1001
-m 153 137 1
-m 393 137 0.05
-m 122 138 1
-m 137 138 0.000999000999000999
-m 139 138 1
-m 154 138 1
-m 394 138 4.995004995005e-05
-m 123 139 1
-m 138 139 1
-m 140 139 1
-m 155 139 1
-m 395 139 4.995004995005e-05
-m 124 140 1
-m 139 140 1
-m 141 140 1
-m 156 140 1
-m 396 140 4.995004995005e-05
-m 125 141 1
-m 140 141 1
-m 142 141 1
-m 157 141 1
-m 397 141 4.995004995005e-05
-m 126 142 1
-m 141 142 1
-m 143 142 1
-m 158 142 1
-m 398 142 4.995004995005e-05
-m 127 143 1
-m 142 143 1
-m 144 143 1
-m 159 143 1
-m 399 143 4.995004995005e-05
-m 128 144 1
-m 143 144 1
-m 160 144 1
-m 400 144 4.995004995005e-05
-m 129 145 1
-m 146 145 1
-m 161 145 1
-m 401 145 50.05
-m 130 146 1
-m 145 146 1
-m 147 146 1
-m 162 146 1
-m 402 146 50.05
-m 131 147 1
-m 146 147 1
-m 148 147 1
-m 163 147 1
-m 403 147 50.05
-m 132 148 1
-m 147 148 1
-m 149 148 1
-m 164 148 1
-m 404 148 50.05
-m 133 149 1
-m 148 149 1
-m 150 149 1
-m 165 149 1
-m 405 149 50.05
-m 134 150 1
-m 149 150 1
-m 151 150 1
-m 166 150 1
-m 406 150 50.05
-m 135 151 1
-m 150 151 1
-m 152 151 1
-m 167 151 1
-m 407 151 0.05
-m 136 152 1
-m 151 152 1
-m 153 152 1
-m 168 152 1
-m 408 152 0.05
-m 137 153 1
-m 152 153 1
-m 154 153 1001
-m 169 153 1
-m 409 153 0.05
-m 138 154 1
-m 153 154 0.000999000999000999
-m 155 154 1
-m 170 154 1
-m 410 154 4.995004995005e-05
-m 139 155 1
-m 154 155 1
-m 156 155 1
-m 171 155 1
-m 411 155 4.995004995005e-05
-m 140 156 1
-m 155 156 1
-m 157 156 1
-m 172 156 1
-m 412 156 4.995004995005e-05
-m 141 157 1
-m 156 157 1
-m 158 157 1
-m 173 157 1
-m 413 157 4.995004995005e-05
-m 142 158 1
-m 157 158 1
-m 159 158 1
-m 174 158 1
-m 414 158 4.995004995005e-05
-m 143 159 1
-m 158 159 1
-m 160 159 1
-m 175 159 1
-m 415 159 4.995004995005e-05
-m 144 160 1
-m 159 160 1
-m 176 160 1
-m 416 160 4.995004995005e-05
-m 145 161 1
-m 162 161 1
-m 177 161 1
-m 417 161 50.05
-m 146 162 1
-m 161 162 1
-m 163 162 1
-m 178 162 1
-m 418 162 50.05
-m 147 163 1
-m 162 163 1
-m 164 163 1
-m 179 163 1
-m 419 163 50.05
-m 148 164 1
-m 163 164 1
-m 165 164 1
-m 180 164 1
-m 420 164 50.05
-m 149 165 1
-m 164 165 1
-m 166 165 1
-m 181 165 1
-m 421 165 50.05
-m 150 166 1
-m 165 166 1
-m 167 166 1
-m 182 166 1
-m 422 166 50.05
-m 151 167 1
-m 166 167 1
-m 168 167 1
-m 183 167 1
-m 423 167 0.05
-m 152 168 1
-m 167 168 1
-m 169 168 1
-m 184 168 1
-m 424 168 0.05
-m 153 169 1
-m 168 169 1
-m 170 169 1001
-m 185 169 1
-m 425 169 0.05
-m 154 170 1
-m 169 170 0.000999000999000999
-m 171 170 1
-m 186 170 1
-m 426 170 4.995004995005e-05
-m 155 171 1
-m 170 171 1
-m 172 171 1
-m 187 171 1
-m 427 171 4.995004995005e-05
-m 156 172 1
-m 171 172 1
-m 173 172 1
-m 188 172 1
-m 428 172 4.995004995005e-05
-m 157 173 1
-m 172 173 1
-m 174 173 1
-m 189 173 1
-m 429 173 4.995004995005e-05
-m 158 174 1
-m 173 174 1
-m 175 174 1
-m 190 174 1
-m 430 174 4.995004995005e-05
-m 159 175 1
-m 174 175 1
-m 176 175 1
-m 191 175 1
-m 431 175 4.995004995005e-05
-m 160 176 1
-m 175 176 1
-m 192 176 1
-m 432 176 4.995004995005e-05
-m 161 177 1
-m 178 177 1
-m 193 177 1
-m 433 177 50.05
-m 162 178 1
-m 177 178 1
-m 179 178 1
-m 194 178 1
-m 434 178 50.05
-m 163 179 1
-m 178 179 1
-m 180 179 1
-m 195 179 1
-m 435 179 50.05
-m 164 180 1
-m 179 180 1
-m 181 180 1
-m 196 180 1
-m 436 180 50.05
-m 165 181 1
-m 180 181 1
-m 182 181 1
-m 197 181 1
-m 437 181 50.05
-m 166 182 1
-m 181 182 1
-m 183 182 1
-m 198 182 1
-m 438 182 50.05
-m 167 183 1
-m 182 183 1
-m 184 183 1
-m 199 183 1
-m 439 183 0.05
-m 168 184 1
-m 183 184 1
-m 185 184 1
-m 200 184 1
-m 440 184 0.05
-m 169 185 1
-m 184 185 1
-m 186 185 1001
-m 201 185 1
-m 441 185 0.05
-m 170 186 1
-m 185 186 0.000999000999000999
-m 187 186 1
-m 202 186 1
-m 442 186 4.995004995005e-05
-m 171 187 1
-m 186 187 1
-m 188 187 1
-m 203 187 1
-m 443 187 4.995004995005e-05
-m 172 188 1
-m 187 188 1
-m 189 188 1
-m 204 188 1
-m 444 188 4.995004995005e-05
-m 173 189 1
-m 188 189 1
-m 190 189 1
-m 205 189 1
-m 445 189 4.995004995005e-05
-m 174 190 1
-m 189 190 1
-m 191 190 1
-m 206 190 1
-m 446 190 4.995004995005e-05
-m 175 191 1
-m 190 191 1
-m 192 191 1
-m 207 191 1
-m 447 191 4.995004995005e-05
-m 176 192 1
-m 191 192 1
-m 208 192 1
-m 448 192 4.995004995005e-05
-m 177 193 1
-m 194 193 1
-m 209 193 1
-m 449 193 50.05
-m 178 194 1
-m 193 194 1
-m 195 194 1
-m 210 194 1
-m 450 194 50.05
-m 179 195 1
-m 194 195 1
-m 196 195 1
-m 211 195 1
-m 451 195 50.05
-m 180 196 1
-m 195 196 1
-m 197 196 1
-m 212 196 1
-m 452 196 50.05
-m 181 197 1
-m 196 197 1
-m 198 197 1
-m 213 197 1
-m 453 197 50.05
-m 182 198 1
-m 197 198 1
-m 199 198 1
-m 214 198 1
-m 454 198 50.05
-m 183 199 1
-m 198 199 1
-m 200 199 1
-m 215 199 1
-m 455 199 0.05
-m 184 200 1
-m 199 200 1
-m 201 200 1
-m 216 200 1
-m 456 200 0.05
-m 185 201 1
-m 200 201 1
-m 202 201 1001
-m 217 201 1
-m 457 201 0.05
-m 186 202 1
-m 201 202 0.000999000999000999
-m 203 202 1
-m 218 202 1
-m 458 202 4.995004995005e-05
-m 187 203 1
-m 202 203 1
-m 204 203 1
-m 219 203 1
-m 459 203 4.995004995005e-05
-m 188 204 1
-m 203 204 1
-m 205 204 1
-m 220 204 1
-m 460 204 4.995004995005e-05
-m 189 205 1
-m 204 205 1
-m 206 205 1
-m 221 205 1
-m 461 205 4.995004995005e-05
-m 190 206 1
-m 205 206 1
-m 207 206 1
-m 222 206 1
-m 462 206 4.995004995005e-05
-m 191 207 1
-m 206 207 1
-m 208 207 1
-m 223 207 1
-m 463 207 4.995004995005e-05
-m 192 208 1
-m 207 208 1
-m 224 208 1
-m 464 208 4.995004995005e-05
-m 193 209 1
-m 210 209 1
-m 225 209 1
-m 465 209 50.05
-m 194 210 1
-m 209 210 1
-m 211 210 1
-m 226 210 1
-m 466 210 50.05
-m 195 211 1
-m 210 211 1
-m 212 211 1
-m 227 211 1
-m 467 211 50.05
-m 196 212 1
-m 211 212 1
-m 213 212 1
-m 228 212 1
-m 468 212 50.05
-m 197 213 1
-m 212 213 1
-m 214 213 1
-m 229 213 1
-m 469 213 50.05
-m 198 214 1
-m 213 214 1
-m 215 214 1
-m 230 214 1
-m 470 214 50.05
-m 199 215 1
-m 214 215 1
-m 216 215 1
-m 231 215 1
-m 471 215 0.05
-m 200 216 1
-m 215 216 1
-m 217 216 1
-m 232 216 1
-m 472 216 0.05
-m 201 217 1
-m 216 217 1
-m 218 217 1001
-m 233 217 1
-m 473 217 0.05
-m 202 218 1
-m 217 218 0.000999000999000999
-m 219 218 1
-m 234 218 1
-m 474 218 4.995004995005e-05
-m 203 219 1
-m 218 219 1
-m 220 219 1
-m 235 219 1
-m 475 219 4.995004995005e-05
-m 204 220 1
-m 219 220 1
-m 221 220 1
-m 236 220 1
-m 476 220 4.995004995005e-05
-m 205 221 1
-m 220 221 1
-m 222 221 1
-m 237 221 1
-m 477 221 4.995004995005e-05
-m 206 222 1
-m 221 222 1
-m 223 222 1
-m 238 222 1
-m 478 222 4.995004995005e-05
-m 207 223 1
-m 222 223 1
-m 224 223 1
-m 239 223 1
-m 479 223 4.995004995005e-05
-m 208 224 1
-m 223 224 1
-m 240 224 1
-m 480 224 4.995004995005e-05
-m 209 225 1
-m 226 225 1
-m 241 225 1
-m 481 225 50.05
-m 210 226 1
-m 225 226 1
-m 227 226 1
-m 242 226 1
-m 482 226 50.05
-m 211 227 1
-m 226 227 1
-m 228 227 1
-m 243 227 1
-m 483 227 50.05
-m 212 228 1
-m 227 228 1
-m 229 228 1
-m 244 228 1
-m 484 228 50.05
-m 213 229 1
-m 228 229 1
-m 230 229 1
-m 245 229 1
-m 485 229 50.05
-m 214 230 1
-m 229 230 1
-m 231 230 1
-m 246 230 1
-m 486 230 50.05
-m 215 231 1
-m 230 231 1
-m 232 231 1
-m 247 231 1
-m 487 231 0.05
-m 216 232 1
-m 231 232 1
-m 233 232 1
-m 248 232 1
-m 488 232 0.05
-m 217 233 1
-m 232 233 1
-m 234 233 1001
-m 249 233 1
-m 489 233 0.05
-m 218 234 1
-m 233 234 0.000999000999000999
-m 235 234 1
-m 250 234 1
-m 490 234 4.995004995005e-05
-m 219 235 1
-m 234 235 1
-m 236 235 1
-m 251 235 1
-m 491 235 4.995004995005e-05
-m 220 236 1
-m 235 236 1
-m 237 236 1
-m 252 236 1
-m 492 236 4.995004995005e-05
-m 221 237 1
-m 236 237 1
-m 238 237 1
-m 253 237 1
-m 493 237 4.995004995005e-05
-m 222 238 1
-m 237 238 1
-m 239 238 1
-m 254 238 1
-m 494 238 4.995004995005e-05
-m 223 239 1
-m 238 239 1
-m 240 239 1
-m 255 239 1
-m 495 239 4.995004995005e-05
-m 224 240 1
-m 239 240 1
-m 256 240 1
-m 496 240 4.995004995005e-05
-m 225 241 1
-m 242 241 1
-m 497 241 50.05
-m 226 242 1
-m 241 242 1
-m 243 242 1
-m 498 242 50.05
-m 227 243 1
-m 242 243 1
-m 244 243 1
-m 499 243 50.05
-m 228 244 1
-m 243 244 1
-m 245 244 1
-m 500 244 50.05
-m 229 245 1
-m 244 245 1
-m 246 245 1
-m 501 245 50.05
-m 230 246 1
-m 245 246 1
-m 247 246 1
-m 502 246 50.05
-m 231 247 1
-m 246 247 1
-m 248 247 1
-m 503 247 0.05
-m 232 248 1
-m 247 248 1
-m 249 248 1
-m 504 248 0.05
-m 233 249 1
-m 248 249 1
-m 250 249 1001
-m 505 249 0.05
-m 234 250 1
-m 249 250 0.000999000999000999
-m 251 250 1
-m 506 250 4.995004995005e-05
-m 235 251 1
-m 250 251 1
-m 252 251 1
-m 507 251 4.995004995005e-05
-m 236 252 1
-m 251 252 1
-m 253 252 1
-m 508 252 4.995004995005e-05
-m 237 253 1
-m 252 253 1
-m 254 253 1
-m 509 253 4.995004995005e-05
-m 238 254 1
-m 253 254 1
-m 255 254 1
-m 510 254 4.995004995005e-05
-m 239 255 1
-m 254 255 1
-m 256 255 1
-m 511 255 4.995004995005e-05
-m 240 256 1
-m 255 256 1
-m 512 256 4.995004995005e-05
-m 1 257 4.995004995005e-05
-m 258 257 1
-m 273 257 1
-m 2 258 4.995004995005e-05
-m 257 258 1
-m 259 258 1
-m 274 258 1
-m 3 259 4.995004995005e-05
-m 258 259 1
-m 260 259 1
-m 275 259 1
-m 4 260 4.995004995005e-05
-m 259 260 1
-m 261 260 1
-m 276 260 1
-m 5 261 4.995004995005e-05
-m 260 261 1
-m 262 261 1
-m 277 261 1
-m 6 262 4.995004995005e-05
-m 261 262 1
-m 263 262 0.000999000999000999
-m 278 262 1
-m 7 263 0.05
-m 262 263 1001
-m 264 263 1
-m 279 263 1
-m 8 264 0.05
-m 263 264 1
-m 265 264 1
-m 280 264 1
-m 9 265 0.05
-m 264 265 1
-m 266 265 1
-m 281 265 1
-m 10 266 50.05
-m 265 266 1
-m 267 266 1
-m 282 266 1
-m 11 267 50.05
-m 266 267 1
-m 268 267 1
-m 283 267 1
-m 12 268 50.05
-m 267 268 1
-m 269 268 1
-m 284 268 1
-m 13 269 50.05
-m 268 269 1
-m 270 269 1
-m 285 269 1
-m 14 270 50.05
-m 269 270 1
-m 271 270 1
-m 286 270 1
-m 15 271 50.05
-m 270 271 1
-m 272 271 1
-m 287 271 1
-m 16 272 50.05
-m 271 272 1
-m 288 272 1
-m 17 273 4.995004995005e-05
-m 257 273 1
-m 274 273 1
-m 289 273 1
-m 18 274 4.995004995005e-05
-m 258 274 1
-m 273 274 1
-m 275 274 1
-m 290 274 1
-m 19 275 4.995004995005e-05
-m 259 275 1
-m 274 275 1
-m 276 275 1
-m 291 275 1
-m 20 276 4.995004995005e-05
-m 260 276 1
-m 275 276 1
-m 277 276 1
-m 292 276 1
-m 21 277 4.995004995005e-05
-m 261 277 1
-m 276 277 1
-m 278 277 1
-m 293 277 1
-m 22 278 4.995004995005e-05
-m 262 278 1
-m 277 278 1
-m 279 278 0.000999000999000999
-m 294 278 1
-m 23 279 0.05
-m 263 279 1
-m 278 279 1001
-m 280 279 1
-m 295 279 1
-m 24 280 0.05
-m 264 280 1
-m 279 280 1
-m 281 280 1
-m 296 280 1
-m 25 281 0.05
-m 265 281 1
-m 280 281 1
-m 282 281 1
-m 297 281 1
-m 26 282 50.05
-m 266 282 1
-m 281 282 1
-m 283 282 1
-m 298 282 1
-m 27 283 50.05
-m 267 283 1
-m 282 283 1
-m 284 283 1
-m 299 283 1
-m 28 284 50.05
-m 268 284 1
-m 283 284 1
-m 285 284 1
-m 300 284 1
-m 29 285 50.05
-m 269 285 1
-m 284 285 1
-m 286 285 1
-m 301 285 1
-m 30 286 50.05
-m 270 286 1
-m 285 286 1
-m 287 286 1
-m 302 286 1
-m 31 287 50.05
-m 271 287 1
-m 286 287 1
-m 288 287 1
-m 303 287 1
-m 32 288 50.05
-m 272 288 1
-m 287 288 1
-m 304 288 1
-m 33 289 4.995004995005e-05
-m 273 289 1
-m 290 289 1
-m 305 289 1
-m 34 290 4.995004995005e-05
-m 274 290 1
-m 289 290 1
-m 291 290 1
-m 306 290 1
-m 35 291 4.995004995005e-05
-m 275 291 1
-m 290 291 1
-m 292 291 1
-m 307 291 1
-m 36 292 4.995004995005e-05
-m 276 292 1
-m 291 292 1
-m 293 292 1
-m 308 292 1
-m 37 293 4.995004995005e-05
-m 277 293 1
-m 292 293 1
-m 294 293 1
-m 309 293 1
-m 38 294 4.995004995005e-05
-m 278 294 1
-m 293 294 1
-m 295 294 0.000999000999000999
-m 310 294 1
-m 39 295 0.05
-m 279 295 1
-m 294 295 1001
-m 296 295 1
-m 311 295 1
-m 40 296 0.05
-m 280 296 1
-m 295 296 1
-m 297 296 1
-m 312 296 1
-m 41 297 0.05
-m 281 297 1
-m 296 297 1
-m 298 297 1
-m 313 297 1
-m 42 298 50.05
-m 282 298 1
-m 297 298 1
-m 299 298 1
-m 314 298 1
-m 43 299 50.05
-m 283 299 1
-m 298 299 1
-m 300 299 1
-m 315 299 1
-m 44 300 50.05
-m 284 300 1
-m 299 300 1
-m 301 300 1
-m 316 300 1
-m 45 301 50.05
-m 285 301 1
-m 300 301 1
-m 302 301 1
-m 317 301 1
-m 46 302 50.05
-m 286 302 1
-m 301 302 1
-m 303 302 1
-m 318 302 1
-m 47 303 50.05
-m 287 303 1
-m 302 303 1
-m 304 303 1
-m 319 303 1
-m 48 304 50.05
-m 288 304 1
-m 303 304 1
-m 320 304 1
-m 49 305 4.995004995005e-05
-m 289 305 1
-m 306 305 1
-m 321 305 1
-m 50 306 4.995004995005e-05
-m 290 306 1
-m 305 306 1
-m 307 306 1
-m 322 306 1
-m 51 307 4.995004995005e-05
-m 291 307 1
-m 306 307 1
-m 308 307 1
-m 323 307 1
-m 52 308 4.995004995005e-05
-m 292 308 1
-m 307 308 1
-m 309 308 1
-m 324 308 1
-m 53 309 4.995004995005e-05
-m 293 309 1
-m 308 309 1
-m 310 309 1
-m 325 309 1
-m 54 310 4.995004995005e-05
-m 294 310 1
-m 309 310 1
-m 311 310 0.000999000999000999
-m 326 310 1
-m 55 311 0.05
-m 295 311 1
-m 310 311 1001
-m 312 311 1
-m 327 311 1
-m 56 312 0.05
-m 296 312 1
-m 311 312 1
-m 313 312 1
-m 328 312 1
-m 57 313 0.05
-m 297 313 1
-m 312 313 1
-m 314 313 1
-m 329 313 1
-m 58 314 50.05
-m 298 314 1
-m 313 314 1
-m 315 314 1
-m 330 314 1
-m 59 315 50.05
-m 299 315 1
-m 314 315 1
-m 316 315 1
-m 331 315 1
-m 60 316 50.05
-m 300 316 1
-m 315 316 1
-m 317 316 1
-m 332 316 1
-m 61 317 50.05
-m 301 317 1
-m 316 317 1
-m 318 317 1
-m 333 317 1
-m 62 318 50.05
-m 302 318 1
-m 317 318 1
-m 319 318 1
-m 334 318 1
-m 63 319 50.05
-m 303 319 1
-m 318 319 1
-m 320 319 1
-m 335 319 1
-m 64 320 50.05
-m 304 320 1
-m 319 320 1
-m 336 320 1
-m 65 321 4.995004995005e-05
-m 305 321 1
-m 322 321 1
-m 337 321 1
-m 66 322 4.995004995005e-05
-m 306 322 1
-m 321 322 1
-m 323 322 1
-m 338 322 1
-m 67 323 4.995004995005e-05
-m 307 323 1
-m 322 323 1
-m 324 323 1
-m 339 323 1
-m 68 324 4.995004995005e-05
-m 308 324 1
-m 323 324 1
-m 325 324 1
-m 340 324 1
-m 69 325 4.995004995005e-05
-m 309 325 1
-m 324 325 1
-m 326 325 1
-m 341 325 1
-m 70 326 4.995004995005e-05
-m 310 326 1
-m 325 326 1
-m 327 326 0.000999000999000999
-m 342 326 1
-m 71 327 0.05
-m 311 327 1
-m 326 327 1001
-m 328 327 1
-m 343 327 1
-m 72 328 0.05
-m 312 328 1
-m 327 328 1
-m 329 328 1
-m 344 328 1
-m 73 329 0.05
-m 313 329 1
-m 328 329 1
-m 330 329 1
-m 345 329 1
-m 74 330 50.05
-m 314 330 1
-m 329 330 1
-m 331 330 1
-m 346 330 1
-m 75 331 50.05
-m 315 331 1
-m 330 331 1
-m 332 331 1
-m 347 331 1
-m 76 332 50.05
-m 316 332 1
-m 331 332 1
-m 333 332 1
-m 348 332 1
-m 77 333 50.05
-m 317 333 1
-m 332 333 1
-m 334 333 1
-m 349 333 1
-m 78 334 50.05
-m 318 334 1
-m 333 334 1
-m 335 334 1
-m 350 334 1
-m 79 335 50.05
-m 319 335 1
-m 334 335 1
-m 336 335 1
-m 351 335 1
-m 80 336 50.05
-m 320 336 1
-m 335 336 1
-m 352 336 1
-m 81 337 4.995004995005e-05
-m 321 337 1
-m 338 337 1
-m 353 337 1
-m 82 338 4.995004995005e-05
-m 322 338 1
-m 337 338 1
-m 339 338 1
-m 354 338 1
-m 83 339 4.995004995005e-05
-m 323 339 1
-m 338 339 1
-m 340 339 1
-m 355 339 1
-m 84 340 4.995004995005e-05
-m 324 340 1
-m 339 340 1
-m 341 340 1
-m 356 340 1
-m 85 341 4.995004995005e-05
-m 325 341 1
-m 340 341 1
-m 342 341 1
-m 357 341 1
-m 86 342 4.995004995005e-05
-m 326 342 1
-m 341 342 1
-m 343 342 0.000999000999000999
-m 358 342 1
-m 87 343 0.05
-m 327 343 1
-m 342 343 1001
-m 344 343 1
-m 359 343 1
-m 88 344 0.05
-m 328 344 1
-m 343 344 1
-m 345 344 1
-m 360 344 1
-m 89 345 0.05
-m 329 345 1
-m 344 345 1
-m 346 345 1
-m 361 345 1
-m 90 346 50.05
-m 330 346 1
-m 345 346 1
-m 347 346 1
-m 362 346 1
-m 91 347 50.05
-m 331 347 1
-m 346 347 1
-m 348 347 1
-m 363 347 1
-m 92 348 50.05
-m 332 348 1
-m 347 348 1
-m 349 348 1
-m 364 348 1
-m 93 349 50.05
-m 333 349 1
-m 348 349 1
-m 350 349 1
-m 365 349 1
-m 94 350 50.05
-m 334 350 1
-m 349 350 1
-m 351 350 1
-m 366 350 1
-m 95 351 50.05
-m 335 351 1
-m 350 351 1
-m 352 351 1
-m 367 351 1
-m 96 352 50.05
-m 336 352 1
-m 351 352 1
-m 368 352 1
-m 97 353 4.995004995005e-05
-m 337 353 1
-m 354 353 1
-m 369 353 1
-m 98 354 4.995004995005e-05
-m 338 354 1
-m 353 354 1
-m 355 354 1
-m 370 354 1
-m 99 355 4.995004995005e-05
-m 339 355 1
-m 354 355 1
-m 356 355 1
-m 371 355 1
-m 100 356 4.995004995005e-05
-m 340 356 1
-m 355 356 1
-m 357 356 1
-m 372 356 1
-m 101 357 4.995004995005e-05
-m 341 357 1
-m 356 357 1
-m 358 357 1
-m 373 357 1
-m 102 358 4.995004995005e-05
-m 342 358 1
-m 357 358 1
-m 359 358 0.000999000999000999
-m 374 358 1
-m 103 359 0.05
-m 343 359 1
-m 358 359 1001
-m 360 359 1
-m 375 359 1
-m 104 360 0.05
-m 344 360 1
-m 359 360 1
-m 361 360 1
-m 376 360 1
-m 105 361 0.05
-m 345 361 1
-m 360 361 1
-m 362 361 1
-m 377 361 1
-m 106 362 50.05
-m 346 362 1
-m 361 362 1
-m 363 362 1
-m 378 362 1
-m 107 363 50.05
-m 347 363 1
-m 362 363 1
-m 364 363 1
-m 379 363 1
-m 108 364 50.05
-m 348 364 1
-m 363 364 1
-m 365 364 1
-m 380 364 1
-m 109 365 50.05
-m 349 365 1
-m 364 365 1
-m 366 365 1
-m 381 365 1
-m 110 366 50.05
-m 350 366 1
-m 365 366 1
-m 367 366 1
-m 382 366 1
-m 111 367 50.05
-m 351 367 1
-m 366 367 1
-m 368 367 1
-m 383 367 1
-m 112 368 50.05
-m 352 368 1
-m 367 368 1
-m 384 368 1
-m 113 369 4.995004995005e-05
-m 353 369 1
-m 370 369 1
-m 385 369 1
-m 114 370 4.995004995005e-05
-m 354 370 1
-m 369 370 1
-m 371 370 1
-m 386 370 1
-m 115 371 4.995004995005e-05
-m 355 371 1
-m 370 371 1
-m 372 371 1
-m 387 371 1
-m 116 372 4.995004995005e-05
-m 356 372 1
-m 371 372 1
-m 373 372 1
-m 388 372 1
-m 117 373 4.995004995005e-05
-m 357 373 1
-m 372 373 1
-m 374 373 1
-m 389 373 1
-m 118 374 4.995004995005e-05
-m 358 374 1
-m 373 374 1
-m 375 374 0.000999000999000999
-m 390 374 1
-m 119 375 0.05
-m 359 375 1
-m 374 375 1001
-m 376 375 1
-m 391 375 1
-m 120 376 0.05
-m 360 376 1
-m 375 376 1
-m 377 376 1
-m 392 376 1
-m 121 377 0.05
-m 361 377 1
-m 376 377 1
-m 378 377 1
-m 393 377 1
-m 122 378 50.05
-m 362 378 1
-m 377 378 1
-m 379 378 1
-m 394 378 1
-m 123 379 50.05
-m 363 379 1
-m 378 379 1
-m 380 379 1
-m 395 379 1
-m 124 380 50.05
-m 364 380 1
-m 379 380 1
-m 381 380 1
-m 396 380 1
-m 125 381 50.05
-m 365 381 1
-m 380 381 1
-m 382 381 1
-m 397 381 1
-m 126 382 50.05
-m 366 382 1
-m 381 382 1
-m 383 382 1
-m 398 382 1
-m 127 383 50.05
-m 367 383 1
-m 382 383 1
-m 384 383 1
-m 399 383 1
-m 128 384 50.05
-m 368 384 1
-m 383 384 1
-m 400 384 1
-m 129 385 4.995004995005e-05
-m 369 385 1
-m 386 385 1
-m 401 385 1
-m 130 386 4.995004995005e-05
-m 370 386 1
-m 385 386 1
-m 387 386 1
-m 402 386 1
-m 131 387 4.995004995005e-05
-m 371 387 1
-m 386 387 1
-m 388 387 1
-m 403 387 1
-m 132 388 4.995004995005e-05
-m 372 388 1
-m 387 388 1
-m 389 388 1
-m 404 388 1
-m 133 389 4.995004995005e-05
-m 373 389 1
-m 388 389 1
-m 390 389 1
-m 405 389 1
-m 134 390 4.995004995005e-05
-m 374 390 1
-m 389 390 1
-m 391 390 0.000999000999000999
-m 406 390 1
-m 135 391 0.05
-m 375 391 1
-m 390 391 1001
-m 392 391 1
-m 407 391 1
-m 136 392 0.05
-m 376 392 1
-m 391 392 1
-m 393 392 1
-m 408 392 1
-m 137 393 0.05
-m 377 393 1
-m 392 393 1
-m 394 393 1
-m 409 393 1
-m 138 394 50.05
-m 378 394 1
-m 393 394 1
-m 395 394 1
-m 410 394 1
-m 139 395 50.05
-m 379 395 1
-m 394 395 1
-m 396 395 1
-m 411 395 1
-m 140 396 50.05
-m 380 396 1
-m 395 396 1
-m 397 396 1
-m 412 396 1
-m 141 397 50.05
-m 381 397 1
-m 396 397 1
-m 398 397 1
-m 413 397 1
-m 142 398 50.05
-m 382 398 1
-m 397 398 1
-m 399 398 1
-m 414 398 1
-m 143 399 50.05
-m 383 399 1
-m 398 399 1
-m 400 399 1
-m 415 399 1
-m 144 400 50.05
-m 384 400 1
-m 399 400 1
-m 416 400 1
-m 145 401 4.995004995005e-05
-m 385 401 1
-m 402 401 1
-m 417 401 1
-m 146 402 4.995004995005e-05
-m 386 402 1
-m 401 402 1
-m 403 402 1
-m 418 402 1
-m 147 403 4.995004995005e-05
-m 387 403 1
-m 402 403 1
-m 404 403 1
-m 419 403 1
-m 148 404 4.995004995005e-05
-m 388 404 1
-m 403 404 1
-m 405 404 1
-m 420 404 1
-m 149 405 4.995004995005e-05
-m 389 405 1
-m 404 405 1
-m 406 405 1
-m 421 405 1
-m 150 406 4.995004995005e-05
-m 390 406 1
-m 405 406 1
-m 407 406 0.000999000999000999
-m 422 406 1
-m 151 407 0.05
-m 391 407 1
-m 406 407 1001
-m 408 407 1
-m 423 407 1
-m 152 408 0.05
-m 392 408 1
-m 407 408 1
-m 409 408 1
-m 424 408 1
-m 153 409 0.05
-m 393 409 1
-m 408 409 1
-m 410 409 1
-m 425 409 1
-m 154 410 50.05
-m 394 410 1
-m 409 410 1
-m 411 410 1
-m 426 410 1
-m 155 411 50.05
-m 395 411 1
-m 410 411 1
-m 412 411 1
-m 427 411 1
-m 156 412 50.05
-m 396 412 1
-m 411 412 1
-m 413 412 1
-m 428 412 1
-m 157 413 50.05
-m 397 413 1
-m 412 413 1
-m 414 413 1
-m 429 413 1
-m 158 414 50.05
-m 398 414 1
-m 413 414 1
-m 415 414 1
-m 430 414 1
-m 159 415 50.05
-m 399 415 1
-m 414 415 1
-m 416 415 1
-m 431 415 1
-m 160 416 50.05
-m 400 416 1
-m 415 416 1
-m 432 416 1
-m 161 417 4.995004995005e-05
-m 401 417 1
-m 418 417 1
-m 433 417 1
-m 162 418 4.995004995005e-05
-m 402 418 1
-m 417 418 1
-m 419 418 1
-m 434 418 1
-m 163 419 4.995004995005e-05
-m 403 419 1
-m 418 419 1
-m 420 419 1
-m 435 419 1
-m 164 420 4.995004995005e-05
-m 404 420 1
-m 419 420 1
-m 421 420 1
-m 436 420 1
-m 165 421 4.995004995005e-05
-m 405 421 1
-m 420 421 1
-m 422 421 1
-m 437 421 1
-m 166 422 4.995004995005e-05
-m 406 422 1
-m 421 422 1
-m 423 422 0.000999000999000999
-m 438 422 1
-m 167 423 0.05
-m 407 423 1
-m 422 423 1001
-m 424 423 1
-m 439 423 1
-m 168 424 0.05
-m 408 424 1
-m 423 424 1
-m 425 424 1
-m 440 424 1
-m 169 425 0.05
-m 409 425 1
-m 424 425 1
-m 426 425 1
-m 441 425 1
-m 170 426 50.05
-m 410 426 1
-m 425 426 1
-m 427 426 1
-m 442 426 1
-m 171 427 50.05
-m 411 427 1
-m 426 427 1
-m 428 427 1
-m 443 427 1
-m 172 428 50.05
-m 412 428 1
-m 427 428 1
-m 429 428 1
-m 444 428 1
-m 173 429 50.05
-m 413 429 1
-m 428 429 1
-m 430 429 1
-m 445 429 1
-m 174 430 50.05
-m 414 430 1
-m 429 430 1
-m 431 430 1
-m 446 430 1
-m 175 431 50.05
-m 415 431 1
-m 430 431 1
-m 432 431 1
-m 447 431 1
-m 176 432 50.05
-m 416 432 1
-m 431 432 1
-m 448 432 1
-m 177 433 4.995004995005e-05
-m 417 433 1
-m 434 433 1
-m 449 433 1
-m 178 434 4.995004995005e-05
-m 418 434 1
-m 433 434 1
-m 435 434 1
-m 450 434 1
-m 179 435 4.995004995005e-05
-m 419 435 1
-m 434 435 1
-m 436 435 1
-m 451 435 1
-m 180 436 4.995004995005e-05
-m 420 436 1
-m 435 436 1
-m 437 436 1
-m 452 436 1
-m 181 437 4.995004995005e-05
-m 421 437 1
-m 436 437 1
-m 438 437 1
-m 453 437 1
-m 182 438 4.995004995005e-05
-m 422 438 1
-m 437 438 1
-m 439 438 0.000999000999000999
-m 454 438 1
-m 183 439 0.05
-m 423 439 1
-m 438 439 1001
-m 440 439 1
-m 455 439 1
-m 184 440 0.05
-m 424 440 1
-m 439 440 1
-m 441 440 1
-m 456 440 1
-m 185 441 0.05
-m 425 441 1
-m 440 441 1
-m 442 441 1
-m 457 441 1
-m 186 442 50.05
-m 426 442 1
-m 441 442 1
-m 443 442 1
-m 458 442 1
-m 187 443 50.05
-m 427 443 1
-m 442 443 1
-m 444 443 1
-m 459 443 1
-m 188 444 50.05
-m 428 444 1
-m 443 444 1
-m 445 444 1
-m 460 444 1
-m 189 445 50.05
-m 429 445 1
-m 444 445 1
-m 446 445 1
-m 461 445 1
-m 190 446 50.05
-m 430 446 1
-m 445 446 1
-m 447 446 1
-m 462 446 1
-m 191 447 50.05
-m 431 447 1
-m 446 447 1
-m 448 447 1
-m 463 447 1
-m 192 448 50.05
-m 432 448 1
-m 447 448 1
-m 464 448 1
-m 193 449 4.995004995005e-05
-m 433 449 1
-m 450 449 1
-m 465 449 1
-m 194 450 4.995004995005e-05
-m 434 450 1
-m 449 450 1
-m 451 450 1
-m 466 450 1
-m 195 451 4.995004995005e-05
-m 435 451 1
-m 450 451 1
-m 452 451 1
-m 467 451 1
-m 196 452 4.995004995005e-05
-m 436 452 1
-m 451 452 1
-m 453 452 1
-m 468 452 1
-m 197 453 4.995004995005e-05
-m 437 453 1
-m 452 453 1
-m 454 453 1
-m 469 453 1
-m 198 454 4.995004995005e-05
-m 438 454 1
-m 453 454 1
-m 455 454 0.000999000999000999
-m 470 454 1
-m 199 455 0.05
-m 439 455 1
-m 454 455 1001
-m 456 455 1
-m 471 455 1
-m 200 456 0.05
-m 440 456 1
-m 455 456 1
-m 457 456 1
-m 472 456 1
-m 201 457 0.05
-m 441 457 1
-m 456 457 1
-m 458 457 1
-m 473 457 1
-m 202 458 50.05
-m 442 458 1
-m 457 458 1
-m 459 458 1
-m 474 458 1
-m 203 459 50.05
-m 443 459 1
-m 458 459 1
-m 460 459 1
-m 475 459 1
-m 204 460 50.05
-m 444 460 1
-m 459 460 1
-m 461 460 1
-m 476 460 1
-m 205 461 50.05
-m 445 461 1
-m 460 461 1
-m 462 461 1
-m 477 461 1
-m 206 462 50.05
-m 446 462 1
-m 461 462 1
-m 463 462 1
-m 478 462 1
-m 207 463 50.05
-m 447 463 1
-m 462 463 1
-m 464 463 1
-m 479 463 1
-m 208 464 50.05
-m 448 464 1
-m 463 464 1
-m 480 464 1
-m 209 465 4.995004995005e-05
-m 449 465 1
-m 466 465 1
-m 481 465 1
-m 210 466 4.995004995005e-05
-m 450 466 1
-m 465 466 1
-m 467 466 1
-m 482 466 1
-m 211 467 4.995004995005e-05
-m 451 467 1
-m 466 467 1
-m 468 467 1
-m 483 467 1
-m 212 468 4.995004995005e-05
-m 452 468 1
-m 467 468 1
-m 469 468 1
-m 484 468 1
-m 213 469 4.995004995005e-05
-m 453 469 1
-m 468 469 1
-m 470 469 1
-m 485 469 1
-m 214 470 4.995004995005e-05
-m 454 470 1
-m 469 470 1
-m 471 470 0.000999000999000999
-m 486 470 1
-m 215 471 0.05
-m 455 471 1
-m 470 471 1001
-m 472 471 1
-m 487 471 1
-m 216 472 0.05
-m 456 472 1
-m 471 472 1
-m 473 472 1
-m 488 472 1
-m 217 473 0.05
-m 457 473 1
-m 472 473 1
-m 474 473 1
-m 489 473 1
-m 218 474 50.05
-m 458 474 1
-m 473 474 1
-m 475 474 1
-m 490 474 1
-m 219 475 50.05
-m 459 475 1
-m 474 475 1
-m 476 475 1
-m 491 475 1
-m 220 476 50.05
-m 460 476 1
-m 475 476 1
-m 477 476 1
-m 492 476 1
-m 221 477 50.05
-m 461 477 1
-m 476 477 1
-m 478 477 1
-m 493 477 1
-m 222 478 50.05
-m 462 478 1
-m 477 478 1
-m 479 478 1
-m 494 478 1
-m 223 479 50.05
-m 463 479 1
-m 478 479 1
-m 480 479 1
-m 495 479 1
-m 224 480 50.05
-m 464 480 1
-m 479 480 1
-m 496 480 1
-m 225 481 4.995004995005e-05
-m 465 481 1
-m 482 481 1
-m 497 481 1
-m 226 482 4.995004995005e-05
-m 466 482 1
-m 481 482 1
-m 483 482 1
-m 498 482 1
-m 227 483 4.995004995005e-05
-m 467 483 1
-m 482 483 1
-m 484 483 1
-m 499 483 1
-m 228 484 4.995004995005e-05
-m 468 484 1
-m 483 484 1
-m 485 484 1
-m 500 484 1
-m 229 485 4.995004995005e-05
-m 469 485 1
-m 484 485 1
-m 486 485 1
-m 501 485 1
-m 230 486 4.995004995005e-05
-m 470 486 1
-m 485 486 1
-m 487 486 0.000999000999000999
-m 502 486 1
-m 231 487 0.05
-m 471 487 1
-m 486 487 1001
-m 488 487 1
-m 503 487 1
-m 232 488 0.05
-m 472 488 1
-m 487 488 1
-m 489 488 1
-m 504 488 1
-m 233 489 0.05
-m 473 489 1
-m 488 489 1
-m 490 489 1
-m 505 489 1
-m 234 490 50.05
-m 474 490 1
-m 489 490 1
-m 491 490 1
-m 506 490 1
-m 235 491 50.05
-m 475 491 1
-m 490 491 1
-m 492 491 1
-m 507 491 1
-m 236 492 50.05
-m 476 492 1
-m 491 492 1
-m 493 492 1
-m 508 492 1
-m 237 493 50.05
-m 477 493 1
-m 492 493 1
-m 494 493 1
-m 509 493 1
-m 238 494 50.05
-m 478 494 1
-m 493 494 1
-m 495 494 1
-m 510 494 1
-m 239 495 50.05
-m 479 495 1
-m 494 495 1
-m 496 495 1
-m 511 495 1
-m 240 496 50.05
-m 480 496 1
-m 495 496 1
-m 512 496 1
-m 241 497 4.995004995005e-05
-m 481 497 1
-m 498 497 1
-m 242 498 4.995004995005e-05
-m 482 498 1
-m 497 498 1
-m 499 498 1
-m 243 499 4.995004995005e-05
-m 483 499 1
-m 498 499 1
-m 500 499 1
-m 244 500 4.995004995005e-05
-m 484 500 1
-m 499 500 1
-m 501 500 1
-m 245 501 4.995004995005e-05
-m 485 501 1
-m 500 501 1
-m 502 501 1
-m 246 502 4.995004995005e-05
-m 486 502 1
-m 501 502 1
-m 503 502 0.000999000999000999
-m 247 503 0.05
-m 487 503 1
-m 502 503 1001
-m 504 503 1
-m 248 504 0.05
-m 488 504 1
-m 503 504 1
-m 505 504 1
-m 249 505 0.05
-m 489 505 1
-m 504 505 1
-m 506 505 1
-m 250 506 50.05
-m 490 506 1
-m 505 506 1
-m 507 506 1
-m 251 507 50.05
-m 491 507 1
-m 506 507 1
-m 508 507 1
-m 252 508 50.05
-m 492 508 1
-m 507 508 1
-m 509 508 1
-m 253 509 50.05
-m 493 509 1
-m 508 509 1
-m 510 509 1
-m 254 510 50.05
-m 494 510 1
-m 509 510 1
-m 511 510 1
-m 255 511 50.05
-m 495 511 1
-m 510 511 1
-m 512 511 1
-m 256 512 50.05
-m 496 512 1
-m 511 512 1
