ms 60 1 -t 0.01 -f ms_output/msarg.txt 
3579 27011 59243

//
segsites: 25
positions: 0.0244 0.0442 0.1120 0.2049 0.2086 0.2111 0.2226 0.2269 0.2275 0.2594 0.2776 0.2925 0.3805 0.4835 0.5100 0.5121 0.5707 0.6472 0.6676 0.6937 0.7840 0.8192 0.8630 0.9424 0.9504 
0011110000000001000000001
0011010000010001000000000
0011010000010001000000000
1001000010000000011000000
0011010000010001000000000
0001000010000000011000000
0101000000000001000000000
0101000000000001000000000
0011010000010001000000000
0001000010000000011000000
0001000010000000011000000
0001000010000000011000000
0001000010000100011000000
0001000010000100011000000
0000000000101000100010000
0000000000101000100010000
0000000000000010100010000
0101000000000001000000000
0101000000000001000000000
0101000000000001000000000
0101000000000001000000000
0101000000000001000000000
0000000000101000100010000
0000000000101000100010000
0001000010000000011000000
0001000010000000011000000
0011110100000001000000001
0011110100000001000000001
0000000000101000100110000
0000000000101000100110000
0011010000010001000000000
0011010000010001000000000
0101001000000001000001100
0101001000000001000001100
0001000010000000011000000
0001000010000000011000000
0001000010000000011000000
0001000010000000011000000
0011110000000001000000001
0001000010000000011000000
0001000010000000011000010
0001000010000000011000010
0001000010000000011000000
0001000010000000011000000
0101000000000001000000000
0101000000000001000000000
0001000010000100011000000
0001000010000000011000000
0101000000000001000000000
0101000000000001000000000
0011110000000001000000001
0011110000000001000000001
0011110000000001000000001
0011110000000001000000001
0101000001000001000000000
0001000010000100011000000
0000000000000000100010000
0001000010000000011000000
0101000000000001000001100
0001000010000100011000000
